"","genus","virus","accession","metadata_host","host_category","prediction","bird","camelid","carnivore","human","rodent","swine","yangochiroptera","yinpterochiroptera"
"1","Gammacoronavirus","Avian coronavirus","MN262644.1","chicken","bird","bird",0.62363,0.03837,0.08758,0.05138,0.02225,0.03655,0.06173,0.0785
"2","Gammacoronavirus","Avian coronavirus","MK204411.1","Tadorna tadornoides","bird","yangochiroptera",0.24958,0.05687,0.03465,0.07673,0.04007,0.02948,0.36668,0.14593
"3","Gammacoronavirus","Avian coronavirus","MK204393.1","Anas gracilis","bird","bird",0.24322,0.05883,0.07998,0.08072,0.12248,0.07608,0.1713,0.16738
"4","Gammacoronavirus","Avian coronavirus","MG913343.1","Gallus gallus","bird","bird",0.80282,0.01252,0.01632,0.03075,0.01552,0.027,0.06513,0.02995
"5","Gammacoronavirus","Avian coronavirus","MG913342.1","Gallus gallus","bird","bird",0.67443,0.03603,0.03973,0.04617,0.03572,0.0372,0.07917,0.05155
"6","Gammacoronavirus","Avian coronavirus","KX258195.1","Gallus gallus","bird","bird",0.67883,0.04338,0.04122,0.04668,0.02933,0.03072,0.07177,0.05807
"7","Deltacoronavirus","Bulbul coronavirus HKU11-796","FJ376620.1","Chinese bulbul","bird","bird",0.63683,0.0112,0.09618,0.00783,0.0198,0.03752,0.05767,0.13297
"8","Deltacoronavirus","Bulbul coronavirus HKU11-934","NC_011547.1","red-whiskered bulbul","bird","bird",0.4768,0.01075,0.17905,0.0077,0.01722,0.06822,0.06635,0.17392
"9","Deltacoronavirus","Bulbul coronavirus HKU11-934","FJ376619.2","red-whiskered bulbul","bird","bird",0.4768,0.01075,0.17905,0.0077,0.01722,0.06822,0.06635,0.17392
"10","Gammacoronavirus","Canada goose coronavirus","NC_046965.1","Branta canadensis","bird","bird",0.29602,0.04895,0.02539,0.03175,0.10015,0.05172,0.27145,0.17457
"11","Gammacoronavirus","Canada goose coronavirus","MK359255.1","Branta canadensis","bird","bird",0.29602,0.04895,0.02539,0.03175,0.10015,0.05172,0.27145,0.17457
"12","Deltacoronavirus","Common moorhen coronavirus HKU21","NC_016996.1","common moorhen","bird","bird",0.45155,0.07068,0.07362,0.16077,0.01472,0.04075,0.1178,0.07012
"13","Deltacoronavirus","Common moorhen coronavirus HKU21","JQ065049.1","common moorhen","bird","bird",0.45155,0.07068,0.07362,0.16077,0.01472,0.04075,0.1178,0.07012
"14","Gammacoronavirus","Duck coronavirus","KM454473.1","duck","bird","bird",0.28933,0.07988,0.02791,0.03245,0.05705,0.14296,0.26108,0.10934
"15","Gammacoronavirus","Duck coronavirus","JF699751.1","duck","bird","bird",0.84546,0.01262,0.0438,0.02079,0.00881,0.01938,0.02611,0.02302
"16","Gammacoronavirus","Duck coronavirus","JF705860.1","duck","bird","bird",0.84546,0.01262,0.0438,0.02079,0.00881,0.01938,0.02611,0.02302
"17","Gammacoronavirus","European turkey coronavirus 080385d","KR822424.1","turkey","bird","bird",0.74293,0.02047,0.05132,0.01592,0.02112,0.0185,0.0652,0.06455
"18","unclassified","Falcon coronavirus UAE-HKU27","LC364342.1","Falco","bird","bird",0.758,0.00643,0.05592,0.00265,0.01383,0.02657,0.05372,0.08288
"19","unclassified","Houbara coronavirus UAE-HKU28","LC364343.1","Chlamydotis","bird","bird",0.72588,0.00657,0.09162,0.0029,0.01822,0.044,0.04323,0.06758
"20","Gammacoronavirus","Infectious bronchitis virus","MH539772.1","Gallus gallus","bird","bird",0.64157,0.03627,0.06055,0.02843,0.02602,0.03101,0.09164,0.08452
"21","Gammacoronavirus","Infectious bronchitis virus","KF668605.1","Gallus gallus","bird","bird",0.3823,0.08913,0.15235,0.03698,0.03669,0.0875,0.11209,0.10296
"22","Gammacoronavirus","Infectious bronchitis virus","KX185059.1","Gallus gallus","bird","bird",0.41871,0.03157,0.08936,0.05585,0.04641,0.08047,0.16243,0.1152
"23","Gammacoronavirus","Infectious bronchitis virus","MK032178.1","Gallus","bird","bird",0.57062,0.02813,0.06875,0.03083,0.03636,0.0274,0.13494,0.10297
"24","Gammacoronavirus","Infectious bronchitis virus","MK510447.1","chicken","bird","bird",0.53856,0.03536,0.09625,0.04071,0.03864,0.08097,0.10754,0.06196
"25","Gammacoronavirus","Infectious bronchitis virus","KX434789.1","Gallus gallus","bird","bird",0.62536,0.01661,0.09295,0.0413,0.0269,0.03034,0.09125,0.07528
"26","Gammacoronavirus","Infectious bronchitis virus","MK510430.1","chicken","bird","bird",0.51828,0.03901,0.09073,0.05453,0.03607,0.06969,0.10617,0.08551
"27","Gammacoronavirus","Infectious bronchitis virus","KX219795.1","Gallus gallus","bird","bird",0.50742,0.02112,0.08224,0.04011,0.03821,0.06714,0.13221,0.11155
"28","Gammacoronavirus","Infectious bronchitis virus","KX259255.1","Gallus gallus","bird","bird",0.67363,0.01719,0.06342,0.04054,0.02818,0.05565,0.07707,0.04432
"29","Gammacoronavirus","Infectious bronchitis virus","JQ920384.1","Gallus gallus","bird","bird",0.74994,0.01529,0.05261,0.05907,0.01685,0.02097,0.04804,0.03722
"30","Gammacoronavirus","Infectious bronchitis virus","JQ920392.1","Gallus gallus","bird","bird",0.73175,0.01474,0.03322,0.07459,0.01775,0.02499,0.05012,0.05284
"31","Gammacoronavirus","Infectious bronchitis virus","KX266757.1","Gallus gallus","bird","bird",0.53397,0.0167,0.08246,0.02242,0.02721,0.03389,0.13274,0.15061
"32","Gammacoronavirus","Infectious bronchitis virus","KX236009.1","Gallus gallus","bird","bird",0.63278,0.01852,0.06411,0.03322,0.02736,0.06375,0.0883,0.07197
"33","Gammacoronavirus","Infectious bronchitis virus","GQ504722.1","chicken","bird","bird",0.65008,0.02619,0.08914,0.01351,0.02859,0.03005,0.07417,0.08827
"34","Gammacoronavirus","Infectious bronchitis virus","KX236016.1","Gallus gallus","bird","bird",0.69881,0.02441,0.05819,0.02665,0.02802,0.05868,0.06017,0.04508
"35","Gammacoronavirus","Infectious bronchitis virus","KX364299.1","Gallus gallus","bird","bird",0.53768,0.02662,0.08095,0.05049,0.03874,0.07939,0.11014,0.07599
"36","Gammacoronavirus","Infectious bronchitis virus","KP790143.1","Gallus gallus","bird","bird",0.57616,0.03694,0.05574,0.03916,0.02439,0.04551,0.10527,0.11683
"37","Gammacoronavirus","Infectious bronchitis virus","MN128087.1","chicken","bird","bird",0.44017,0.02304,0.07383,0.04163,0.03323,0.05189,0.15341,0.18281
"38","Gammacoronavirus","Infectious bronchitis virus","JQ920400.1","Gallus gallus","bird","bird",0.54274,0.03107,0.08242,0.04515,0.03506,0.08118,0.11605,0.06633
"39","Gammacoronavirus","Infectious bronchitis virus","KY992863.1","chicken","bird","bird",0.35781,0.02291,0.18904,0.01901,0.04189,0.09435,0.12387,0.15112
"40","Deltacoronavirus","Magpie-robin coronavirus HKU18","NC_016993.1","magpie-robin","bird","bird",0.43207,0.01633,0.04882,0.00325,0.07622,0.15453,0.15648,0.1123
"41","Deltacoronavirus","Magpie-robin coronavirus HKU18","JQ065046.1","magpie-robin","bird","bird",0.43207,0.01633,0.04882,0.00325,0.07622,0.15453,0.15648,0.1123
"42","Deltacoronavirus","Munia coronavirus HKU13-3514","NC_011550.1","white-rumped munia","bird","bird",0.50763,0.02813,0.04007,0.0031,0.03777,0.17988,0.11008,0.09333
"43","Deltacoronavirus","Munia coronavirus HKU13-3514","FJ376622.1","white-rumped munia","bird","bird",0.50763,0.02813,0.04007,0.0031,0.03777,0.17988,0.11008,0.09333
"44","Deltacoronavirus","Night heron coronavirus HKU19","NC_016994.1","night-heron","bird","bird",0.54882,0.00353,0.09208,0.007,0.0582,0.0498,0.06435,0.17622
"45","Deltacoronavirus","Night heron coronavirus HKU19","JQ065047.1","night-heron","bird","bird",0.54882,0.00353,0.09208,0.007,0.0582,0.0498,0.06435,0.17622
"46","Gammacoronavirus","Pheasant coronavirus","MK423877.1","Pheasant","bird","bird",0.8768,0.0145,0.02677,0.02916,0.00798,0.01272,0.01386,0.01822
"47","Gammacoronavirus","Pheasant coronavirus","MK423876.1","Pheasant","bird","bird",0.87013,0.01524,0.03088,0.02913,0.00779,0.0151,0.01332,0.0184
"48","unclassified","Pigeon coronavirus UAE-HKU29","LC364344.1","Columbidae","bird","bird",0.72862,0.00223,0.0769,0.00135,0.01625,0.06458,0.03973,0.07033
"49","Deltacoronavirus","Porcine deltacoronavirus","MK248485.1","chicken","bird","swine",0.04583,0.00285,0.01048,6e-04,0.00748,0.89965,0.01537,0.01775
"50","Deltacoronavirus","Porcine deltacoronavirus","MN173808.1","pig","swine","swine",0.15586,0.00227,0.03041,0.00277,0.02352,0.66168,0.06491,0.05859
"51","Deltacoronavirus","Porcine deltacoronavirus","KY354363.1","porcine","swine","swine",0.05883,0.00226,0.01811,0.00242,0.00803,0.8582,0.02499,0.02716
"52","Deltacoronavirus","Porcine deltacoronavirus","MK478380.1","Sus scrofa","swine","swine",0.03274,0,0.00315,5e-04,0.00019,0.92775,0.01355,0.02212
"53","Deltacoronavirus","Porcine deltacoronavirus","KY065120.1","porcine","swine","swine",0.09365,0.0021,0.01587,0.00121,0.01273,0.80856,0.02676,0.03911
"54","Deltacoronavirus","Porcine deltacoronavirus","MK040448.1","pig","swine","swine",0.0824,0.00364,0.02332,0.00068,0.01224,0.80348,0.03104,0.0432
"55","Deltacoronavirus","Porcine deltacoronavirus","LC260042.1","Sus scrofa domesticus","swine","swine",0.00661,0,0.00104,0,9e-05,0.98722,0.00255,0.00248
"56","Deltacoronavirus","Porcine deltacoronavirus","KP757891.1","pig","swine","swine",0.05473,0.00265,0.01417,0.00269,0.01105,0.8659,0.02971,0.0191
"57","Deltacoronavirus","Porcine deltacoronavirus","KX534090.1","nursery pig","swine","swine",0.08747,0.00399,0.02604,0.00338,0.01363,0.74769,0.05303,0.06477
"58","Deltacoronavirus","Porcine deltacoronavirus","MK572803.1","Sus scrofa","swine","swine",0.08548,0.0017,0.02905,0.00225,0.01297,0.80989,0.03033,0.02832
"59","Deltacoronavirus","Porcine deltacoronavirus","KT371503.1","swine","swine","swine",0.031,0,0.00946,0,0.00336,0.9157,0.02284,0.01763
"60","Deltacoronavirus","Porcine deltacoronavirus","KX022604.1","pig","swine","swine",0.01143,0.00028,0.00417,0,0.0019,0.96672,0.00987,0.00563
"61","Deltacoronavirus","Porcine deltacoronavirus","KR265849.1","pig","swine","swine",0.0148,0.001,0.00822,5e-04,0.00144,0.95579,0.00896,0.0093
"62","Deltacoronavirus","Porcine deltacoronavirus","KY078907.1","swine","swine","swine",0.08063,9e-04,0.0179,0.00067,0.01509,0.81027,0.0345,0.04003
"63","Deltacoronavirus","Porcine deltacoronavirus","MK478382.1","Sus scrofa","swine","swine",0.04598,0,0.0101,0,0.00349,0.88391,0.03085,0.02567
"64","Deltacoronavirus","Porcine deltacoronavirus","MK040452.1","pig","swine","swine",0.09032,0.00364,0.02795,0.00068,0.01716,0.7822,0.03307,0.04498
"65","Deltacoronavirus","Porcine deltacoronavirus","KR150443.1","pig","swine","swine",0.00305,0,6e-04,0,0.00074,0.99105,0.00306,0.00149
"66","Deltacoronavirus","Porcine deltacoronavirus","MN173810.1","pig","swine","swine",0.11772,0.00281,0.03681,0.00353,0.01684,0.7076,0.06471,0.04997
"67","Deltacoronavirus","Porcine deltacoronavirus","KR265857.1","pig","swine","swine",0.00287,0,0.0022,0,0.00067,0.98607,0.00529,0.00291
"68","Deltacoronavirus","Porcine deltacoronavirus","KY078912.1","swine","swine","swine",0.09783,0.00798,0.03505,0.0041,0.01517,0.71915,0.05568,0.06503
"69","Deltacoronavirus","Porcine deltacoronavirus","KY078905.1","swine","swine","swine",0.09902,0.00246,0.02074,0.00216,0.01447,0.77255,0.04564,0.04296
"70","unclassified","Quail coronavirus UAE-HKU30","LC364346.1","Galliformes","bird","bird",0.49507,0.03098,0.10962,0.00542,0.04758,0.16338,0.06217,0.08578
"71","unclassified","Quail coronavirus UAE-HKU30","LC364345.1","Galliformes","bird","bird",0.48152,0.02817,0.13355,0.0062,0.06013,0.1358,0.074,0.08063
"72","Deltacoronavirus","Quail deltacoronavirus","MH532440.1","Coturnix japonica","bird","bird",0.50131,0.00901,0.10691,0.01475,0.05749,0.12172,0.09457,0.09424
"73","Deltacoronavirus","Sparrow coronavirus HKU17","NC_016992.1","sparrow","bird","bird",0.5188,0.00882,0.10778,0.00231,0.0337,0.06203,0.10373,0.16284
"74","Deltacoronavirus","Sparrow coronavirus HKU17","JQ065045.1","sparrow","bird","bird",0.5188,0.00882,0.10778,0.00231,0.0337,0.06203,0.10373,0.16284
"75","Deltacoronavirus","Sparrow deltacoronavirus","MG812378.1","sparrow","bird","bird",0.60255,0.00892,0.0401,0.003,0.01742,0.1938,0.05967,0.07455
"76","Deltacoronavirus","Sparrow deltacoronavirus","MG812377.1","sparrow","bird","bird",0.49775,0.00765,0.04365,0,0.02578,0.22187,0.09727,0.10603
"77","Deltacoronavirus","Sparrow deltacoronavirus","MG812376.1","sparrow","bird","bird",0.55298,0.00433,0.06347,0.0016,0.03615,0.19525,0.0711,0.07512
"78","Deltacoronavirus","Sparrow deltacoronavirus","MG812375.1","sparrow","bird","bird",0.54972,0.00253,0.06262,0.0016,0.03475,0.20373,0.06973,0.07532
"79","Deltacoronavirus","Thrush coronavirus HKU12-600","NC_011549.1","grey-backed thrush","bird","yinpterochiroptera",0.32011,0.02462,0.10023,0.01383,0.01356,0.03845,0.14423,0.34496
"80","Deltacoronavirus","Thrush coronavirus HKU12-600","FJ376621.1","grey-backed thrush","bird","yinpterochiroptera",0.32011,0.02462,0.10023,0.01383,0.01356,0.03845,0.14423,0.34496
"81","Gammacoronavirus","Turkey coronavirus","KF652220.1","Meleagris gallopavo","bird","bird",0.47059,0.03696,0.21445,0.02344,0.0448,0.05879,0.07106,0.0799
"82","Gammacoronavirus","Turkey coronavirus","GU213200.1","turkey","bird","bird",0.40132,0.06038,0.23078,0.02672,0.06925,0.07196,0.05737,0.08223
"83","Gammacoronavirus","Turkey coronavirus","GQ411201.1","turkey","bird","bird",0.55811,0.03142,0.08217,0.03395,0.05547,0.02754,0.10669,0.10466
"84","Gammacoronavirus","Turkey coronavirus","KF652238.1","Meleagris gallopavo","bird","bird",0.42168,0.0357,0.24365,0.03342,0.04157,0.06135,0.06353,0.0991
"85","Gammacoronavirus","Turkey coronavirus","KF652218.1","Meleagris gallopavo","bird","bird",0.47282,0.02837,0.2317,0.03181,0.03072,0.05664,0.06362,0.08432
"86","Gammacoronavirus","Turkey coronavirus","GQ427174.1","turkey","bird","bird",0.39494,0.05328,0.22707,0.02572,0.07495,0.08115,0.05502,0.08788
"87","Gammacoronavirus","Turkey coronavirus","GQ427173.1","turkey","bird","bird",0.35717,0.04874,0.24671,0.05274,0.06333,0.069,0.05945,0.10286
"88","Gammacoronavirus","Turkey coronavirus","EU095850.1","turkey","bird","bird",0.36712,0.04774,0.23972,0.05631,0.06003,0.069,0.05749,0.1026
"89","Gammacoronavirus","Turkey coronavirus","NC_010800.1","turkey","bird","bird",0.36712,0.04774,0.23972,0.05631,0.06003,0.069,0.05749,0.1026
"90","Gammacoronavirus","Turkey coronavirus","GU213201.1","turkey","bird","bird",0.39852,0.06197,0.22842,0.03033,0.06823,0.07142,0.05732,0.08379
"91","Gammacoronavirus","Turkey coronavirus","KF652233.1","Meleagris gallopavo","bird","bird",0.4426,0.06668,0.1911,0.01933,0.059,0.06731,0.06589,0.08809
"92","Gammacoronavirus","Turkey coronavirus","KF652223.1","Meleagris gallopavo","bird","bird",0.4728,0.02565,0.20266,0.02913,0.04387,0.0745,0.05812,0.09327
"93","Gammacoronavirus","Turkey coronavirus","GQ469644.1","turkey","bird","bird",0.42619,0.06634,0.20965,0.02515,0.06372,0.06898,0.05811,0.08185
"94","Gammacoronavirus","Turkey coronavirus","KF652219.1","Meleagris gallopavo","bird","bird",0.43481,0.04291,0.22433,0.03164,0.05151,0.07385,0.05515,0.0858
"95","Gammacoronavirus","Turkey coronavirus","KF652235.1","Meleagris gallopavo","bird","bird",0.44918,0.02295,0.22324,0.02653,0.04275,0.08104,0.06345,0.09087
"96","Gammacoronavirus","Turkey coronavirus","KF652221.1","Meleagris gallopavo","bird","bird",0.48592,0.0214,0.21005,0.02281,0.04066,0.05527,0.06686,0.09704
"97","Gammacoronavirus","Turkey coronavirus","GQ427175.1","turkey","bird","bird",0.37448,0.0441,0.23376,0.05709,0.05576,0.06818,0.06445,0.10219
"98","Gammacoronavirus","Turkey coronavirus","GU213199.1","turkey","bird","bird",0.41271,0.05576,0.2292,0.02541,0.06699,0.07047,0.05836,0.08111
"99","Gammacoronavirus","Turkey coronavirus","KF652237.1","Meleagris gallopavo","bird","bird",0.4242,0.09272,0.1754,0.04044,0.0582,0.06078,0.07102,0.07723
"100","Gammacoronavirus","Turkey coronavirus","KF652229.1","Meleagris gallopavo","bird","bird",0.41775,0.04691,0.22214,0.04489,0.04518,0.06412,0.06653,0.09248
"101","Deltacoronavirus","White-eye coronavirus HKU16","NC_016991.1","white-eye","bird","bird",0.56942,0.02267,0.05885,0.00435,0.04102,0.06218,0.11227,0.12925
"102","Deltacoronavirus","White-eye coronavirus HKU16","JQ065044.1","white-eye","bird","bird",0.56942,0.02267,0.05885,0.00435,0.04102,0.06218,0.11227,0.12925
"103","Deltacoronavirus","Wigeon coronavirus HKU20","NC_016995.1","wigeon","bird","bird",0.30072,0.02064,0.09708,0.01115,0.08355,0.11646,0.18917,0.18124
"104","Deltacoronavirus","Wigeon coronavirus HKU20","JQ065048.1","wigeon","bird","bird",0.30072,0.02064,0.09708,0.01115,0.08355,0.11646,0.18917,0.18124
"105","Alphacoronavirus","Alpaca respiratory coronavirus","JQ410000.1","Vicugna pacos","camelid","camelid",0.0084,0.85675,0.00572,0.0341,0.00475,0.00675,0.02955,0.05398
"106","Betacoronavirus","Bovine coronavirus isolate Alpaca","DQ915164.2","alpaca","camelid","camelid",0.04425,0.31,0.24218,0.19422,0.07172,0.04047,0.05457,0.0426
"107","Alphacoronavirus","Camel alphacoronavirus","KT368914.1","camel","camelid","camelid",0.00807,0.77947,0.0134,0.02973,0.00448,0.0029,0.0797,0.08225
"108","Alphacoronavirus","Camel alphacoronavirus","KT368895.1","camel","camelid","camelid",0.00887,0.78613,0.01427,0.02893,0.00468,0.0015,0.0794,0.07622
"109","Alphacoronavirus","Camel alphacoronavirus","KT368907.1","camel","camelid","camelid",0.00728,0.86123,0.0059,0.02802,0.00463,0,0.04837,0.04457
"110","Alphacoronavirus","Camel alphacoronavirus","KT368899.1","camel","camelid","camelid",0.01053,0.83432,0.0107,0.0237,0.00488,5e-04,0.06823,0.04713
"111","Alphacoronavirus","Camel alphacoronavirus","KT368896.1","camel","camelid","camelid",0.00887,0.78613,0.01427,0.02893,0.00468,0.0015,0.0794,0.07622
"112","Alphacoronavirus","Camel alphacoronavirus","KT368892.1","camel","camelid","camelid",0.01137,0.80603,0.01307,0.02457,0.00448,0.0015,0.07567,0.06332
"113","Alphacoronavirus","Camel alphacoronavirus","KT368897.1","camel","camelid","camelid",0.00987,0.77813,0.01477,0.02807,0.00568,0.0015,0.07577,0.08622
"114","Alphacoronavirus","Camel alphacoronavirus","KT368904.1","camel","camelid","camelid",0.00807,0.77947,0.0134,0.02973,0.00448,0.0029,0.0797,0.08225
"115","Alphacoronavirus","Camel alphacoronavirus","KT368910.1","camel","camelid","camelid",0.00807,0.77947,0.0134,0.02973,0.00448,0.0029,0.0797,0.08225
"116","Alphacoronavirus","Camel alphacoronavirus","KT368903.1","camel","camelid","camelid",0.00892,0.86428,0.0085,0.01887,0.00248,5e-04,0.0508,0.04565
"117","Alphacoronavirus","Camel alphacoronavirus","KT368911.1","camel","camelid","camelid",0.00807,0.77947,0.0134,0.02973,0.00448,0.0029,0.0797,0.08225
"118","Alphacoronavirus","Camel alphacoronavirus","KT368913.1","camel","camelid","camelid",0.00807,0.77947,0.0134,0.02973,0.00448,0.0029,0.0797,0.08225
"119","Alphacoronavirus","Camel alphacoronavirus","MF593473.1","camel","camelid","camelid",0.0092,0.75567,0.01377,0.05343,0.00692,0.0035,0.06977,0.08775
"120","Alphacoronavirus","Camel alphacoronavirus","KT368898.1","camel","camelid","camelid",0.00908,0.86607,0.0078,0.0222,0.00288,5e-04,0.04975,0.04172
"121","Alphacoronavirus","Camel alphacoronavirus","KT368908.1","camel","camelid","camelid",0.00693,0.90802,0.0027,0.02125,0.00243,0,0.03042,0.02825
"122","Alphacoronavirus","Camel alphacoronavirus","KT368906.1","camel","camelid","camelid",0.01037,0.77127,0.01523,0.02373,0.00448,0.0015,0.07745,0.09597
"123","Alphacoronavirus","Camel alphacoronavirus","KT368901.1","camel","camelid","camelid",0.00418,0.82137,0.0091,0.027,0.00338,0.0025,0.05925,0.07322
"124","Alphacoronavirus","Camel alphacoronavirus","KT368909.1","camel","camelid","camelid",0.00807,0.77947,0.0134,0.02973,0.00448,0.0029,0.0797,0.08225
"125","Alphacoronavirus","Camel alphacoronavirus","KT368893.1","camel","camelid","camelid",0.01137,0.80603,0.01307,0.02457,0.00448,0.0015,0.07567,0.06332
"126","Alphacoronavirus","Camel alphacoronavirus","NC_028752.1","camel","camelid","camelid",0.00728,0.86123,0.0059,0.02802,0.00463,0,0.04837,0.04457
"127","Alphacoronavirus","Camel alphacoronavirus Camel229E","KT253328.1","Camelus dromedarius","camelid","camelid",0.02087,0.71869,0.00644,0.14392,0.01034,0.00527,0.05442,0.04007
"128","Alphacoronavirus","Camel alphacoronavirus Camel229E","KT253327.1","Camelus dromedarius","camelid","camelid",0.00411,0.96754,0.00378,0.00604,0.0016,0.00076,0.00818,0.008
"129","Alphacoronavirus","Camel alphacoronavirus Camel229E","KT253326.1","Camelus dromedarius","camelid","camelid",0.02087,0.71869,0.00644,0.14392,0.01034,0.00527,0.05442,0.04007
"130","Alphacoronavirus","Camel alphacoronavirus Camel229E","KT253325.1","Camelus dromedarius","camelid","camelid",0.01242,0.8448,0.0085,0.04728,0.00203,0.00338,0.04743,0.03417
"131","Alphacoronavirus","Camel alphacoronavirus Camel229E","KT253324.1","Camelus dromedarius","camelid","camelid",0.02087,0.71869,0.00644,0.14392,0.01034,0.00527,0.05442,0.04007
"132","Alphacoronavirus","Camel alphacoronavirus Camel229E","KU291449.1","Camelus dromedarius","camelid","camelid",0.02879,0.55093,0.01333,0.19379,0.01733,0.01119,0.09351,0.09112
"133","Alphacoronavirus","Camel coronavirus HKU23","MF593476.1","camel","camelid","camelid",0.01007,0.87728,0.04648,0.01415,0.01462,0.01577,0.01387,0.00777
"134","Alphacoronavirus","Camel coronavirus HKU23","KT368891.1","camel","camelid","camelid",0.00493,0.94835,0.00627,0.00995,0.01237,0.00545,0.00402,0.00867
"135","Betacoronavirus","Dromedary camel coronavirus HKU23","MN514971.1","Camelus dromedarius","camelid","human",0.07472,0.16394,0.26276,0.28724,0.06491,0.07036,0.03926,0.03681
"136","Betacoronavirus","Dromedary camel coronavirus HKU23","MN514970.1","Camelus dromedarius","camelid","human",0.07831,0.14505,0.28367,0.28769,0.0614,0.07391,0.03737,0.0326
"137","Betacoronavirus","Dromedary camel coronavirus HKU23","MN514969.1","Camelus dromedarius","camelid","carnivore",0.10225,0.20096,0.20737,0.14195,0.13846,0.08915,0.0533,0.06656
"138","Betacoronavirus","Dromedary camel coronavirus HKU23","MN514968.1","Camelus dromedarius","camelid","camelid",0.09067,0.20392,0.19786,0.16921,0.1353,0.08656,0.05449,0.062
"139","Betacoronavirus","Dromedary camel coronavirus HKU23","MN514967.1","Camelus dromedarius","camelid","camelid",0.08664,0.24416,0.16544,0.18807,0.09255,0.0891,0.05643,0.0776
"140","Betacoronavirus","Dromedary camel coronavirus HKU23","MN514966.1","Camelus dromedarius","camelid","camelid",0.09358,0.24939,0.13978,0.14205,0.15183,0.07924,0.05592,0.08822
"141","Betacoronavirus","Dromedary camel coronavirus HKU23","MN514965.1","Camelus dromedarius","camelid","camelid",0.08247,0.2496,0.16147,0.18553,0.09884,0.08729,0.05881,0.07598
"142","Betacoronavirus","Dromedary camel coronavirus HKU23","MN514964.1","Camelus dromedarius","camelid","camelid",0.08337,0.25109,0.16199,0.18591,0.09759,0.0881,0.05747,0.07449
"143","Betacoronavirus","Dromedary camel coronavirus HKU23","MN514963.1","Camelus dromedarius","camelid","camelid",0.09857,0.2397,0.15024,0.12831,0.16115,0.08251,0.0609,0.07863
"144","Betacoronavirus","Dromedary camel coronavirus HKU23","MN514962.1","Camelus dromedarius","camelid","camelid",0.09615,0.19298,0.17686,0.13651,0.18194,0.08456,0.05505,0.07595
"145","Betacoronavirus","Dromedary camel coronavirus HKU23","KF906251.1","dromedary camel","camelid","camelid",0.07143,0.44379,0.12097,0.1003,0.09004,0.04904,0.04761,0.07683
"146","Betacoronavirus","Dromedary camel coronavirus HKU23","KF906250.1","dromedary camel","camelid","camelid",0.07143,0.44379,0.12097,0.1003,0.09004,0.04904,0.04761,0.07683
"147","Betacoronavirus","Dromedary camel coronavirus HKU23","KF906249.1","dromedary camel","camelid","camelid",0.07329,0.41914,0.11672,0.09742,0.10081,0.06117,0.05692,0.07453
"148","Betacoronavirus","Middle East respiratory syndrome-related coronavirus","MF598619.1","Camelus dromedarius","camelid","yangochiroptera",0.15995,0.02012,0.02148,0.03268,0.04308,0.0681,0.49422,0.16037
"149","Betacoronavirus","Middle East respiratory syndrome-related coronavirus","KJ650296.1","dromedary","camelid","yangochiroptera",0.16698,0.02012,0.02008,0.03393,0.0428,0.06183,0.49343,0.16082
"150","Betacoronavirus","Middle East respiratory syndrome-related coronavirus","KT368844.1","camel","camelid","yangochiroptera",0.13645,0.02567,0.02765,0.03888,0.05813,0.0878,0.45352,0.1719
"151","Betacoronavirus","Middle East respiratory syndrome-related coronavirus","KT368874.1","camel","camelid","yangochiroptera",0.1469,0.01912,0.02308,0.03613,0.0452,0.06643,0.50063,0.1625
"152","Betacoronavirus","Middle East respiratory syndrome-related coronavirus","MF598627.1","Camelus dromedarius","camelid","yangochiroptera",0.1469,0.01912,0.02308,0.03613,0.0452,0.06643,0.50063,0.1625
"153","Betacoronavirus","Middle East respiratory syndrome-related coronavirus","MF598638.1","Camelus dromedarius","camelid","yangochiroptera",0.15017,0.01872,0.01988,0.0336,0.04295,0.0626,0.50492,0.16717
"154","Betacoronavirus","Middle East respiratory syndrome-related coronavirus","MF598647.1","Camelus dromedarius","camelid","yangochiroptera",0.16362,0.01972,0.02038,0.03002,0.04335,0.06333,0.50098,0.1586
"155","Betacoronavirus","Middle East respiratory syndrome-related coronavirus","MF598600.1","Camelus dromedarius","camelid","yangochiroptera",0.15575,0.01872,0.02528,0.03323,0.04613,0.07343,0.49457,0.15288
"156","Betacoronavirus","Middle East respiratory syndrome-related coronavirus","KJ713299.1","Camelus dromedarius","camelid","yangochiroptera",0.16085,0.01912,0.02158,0.03193,0.04723,0.0651,0.49697,0.15722
"157","Betacoronavirus","Middle East respiratory syndrome-related coronavirus","KT368881.1","camel","camelid","yangochiroptera",0.15792,0.02072,0.02075,0.03393,0.04295,0.06508,0.49647,0.16218
"158","Betacoronavirus","Middle East respiratory syndrome-related coronavirus","MF598699.1","Camelus dromedarius","camelid","yangochiroptera",0.15928,0.01972,0.02428,0.03203,0.04353,0.0701,0.49557,0.15548
"159","Betacoronavirus","Middle East respiratory syndrome-related coronavirus","MF598608.1","Camelus dromedarius","camelid","yangochiroptera",0.16367,0.01872,0.02108,0.02893,0.04295,0.0708,0.48725,0.1666
"160","Betacoronavirus","Middle East respiratory syndrome-related coronavirus","MF598678.1","Camelus dromedarius","camelid","yangochiroptera",0.15725,0.01872,0.02378,0.03513,0.04613,0.07143,0.4929,0.15465
"161","Betacoronavirus","Middle East respiratory syndrome-related coronavirus","MG923467.1","Camelus dromedarius","camelid","yangochiroptera",0.1597,0.02128,0.0209,0.03538,0.0511,0.0611,0.4995,0.15103
"162","Betacoronavirus","Middle East respiratory syndrome-related coronavirus","KP719931.1","Camelus dromedarius","camelid","yangochiroptera",0.1672,0.02012,0.02218,0.03373,0.04633,0.0685,0.4858,0.15613
"163","Betacoronavirus","Middle East respiratory syndrome-related coronavirus","MF598673.1","Camelus dromedarius","camelid","yangochiroptera",0.15942,0.01872,0.02108,0.03103,0.0432,0.0641,0.50177,0.16068
"164","Betacoronavirus","Middle East respiratory syndrome-related coronavirus","MF598645.1","Camelus dromedarius","camelid","yangochiroptera",0.15557,0.01912,0.02183,0.03647,0.0442,0.06902,0.4953,0.1585
"165","Betacoronavirus","Middle East respiratory syndrome-related coronavirus","MF598686.1","Camelus dromedarius","camelid","yangochiroptera",0.15532,0.02012,0.02208,0.03913,0.04562,0.0705,0.49008,0.15715
"166","Betacoronavirus","Middle East respiratory syndrome-related coronavirus","KT368839.1","camel","camelid","yangochiroptera",0.15202,0.01912,0.01908,0.03293,0.04155,0.0649,0.5043,0.1661
"167","Betacoronavirus","Middle East respiratory syndrome-related coronavirus","MF598606.1","Camelus dromedarius","camelid","yangochiroptera",0.1469,0.01912,0.02308,0.03613,0.0452,0.06643,0.50063,0.1625
"168","Betacoronavirus","Middle East respiratory syndrome-related coronavirus","MF593268.1","Neoromicia capensis","yangochiroptera","yangochiroptera",0.11073,0.00397,0.05947,0.01122,0.03557,0.03087,0.50428,0.2439
"169","Betacoronavirus","Middle East respiratory syndrome-related coronavirus","MG596803.1","Pipistrellus kuhlii","yangochiroptera","yinpterochiroptera",0.2057,0.01685,0.22555,0.02005,0.05182,0.04577,0.184,0.25027
"170","Betacoronavirus","Middle East respiratory syndrome-related coronavirus","MG596802.1","Hypsugo savii","yangochiroptera","yinpterochiroptera",0.1961,0.02143,0.17922,0.0184,0.05685,0.05798,0.19175,0.27827
"171","Alphacoronavirus","Alphacoronavirus Mink/China/1/2016","MF113046.1","mink","carnivore","carnivore",0.09598,0.02645,0.37265,0.04858,0.04897,0.06758,0.12061,0.21919
"172","Alphacoronavirus","Canine coronavirus","JQ404409.1","dog","carnivore","carnivore",0.06639,0.0037,0.62092,0.00203,0.03884,0.1675,0.03659,0.06403
"173","Alphacoronavirus","Canine coronavirus","JN856008.2","Canis lupus familiaris","carnivore","swine",0.2378,0.01373,0.19249,0.02009,0.05987,0.26378,0.07668,0.13556
"174","Alphacoronavirus","Canine coronavirus","LC190906.1","Canis lupus familiaris","carnivore","carnivore",0.04696,0.00474,0.68982,0.00448,0.02155,0.10484,0.05313,0.07448
"175","Alphacoronavirus","Canine coronavirus","KC175339.1","Canis lupus familiaris","carnivore","carnivore",0.01005,0.00072,0.94826,0.00054,0.00552,0.01513,0.00763,0.01216
"176","Alphacoronavirus","Canine coronavirus","HQ450377.1","dog","carnivore","swine",0.15795,0.00532,0.313,0.01518,0.04657,0.31917,0.03784,0.10498
"177","Alphacoronavirus","Canine coronavirus","EU924791.1","dog","carnivore","carnivore",0.13201,0.00679,0.34956,0.0144,0.04053,0.31911,0.03713,0.10048
"178","Alphacoronavirus","Canine coronavirus","LC190907.1","Canis lupus familiaris","carnivore","carnivore",0.1043,0.0101,0.40623,0.0118,0.03725,0.24608,0.05792,0.12633
"179","Alphacoronavirus","Canine coronavirus","HQ450376.1","dog","carnivore","carnivore",0.13348,0.01839,0.35715,0.01297,0.05224,0.3013,0.03646,0.08801
"180","Alphacoronavirus","Canine coronavirus","AY436637.1","giant panda","carnivore","carnivore",0.07102,0.00409,0.62366,0.00203,0.03624,0.15941,0.03635,0.06719
"181","Alphacoronavirus","Canine coronavirus","EU856361.1","dog","carnivore","carnivore",0.12263,0.00326,0.37538,0.011,0.03543,0.26742,0.05315,0.13173
"182","Alphacoronavirus","Canine coronavirus","KC175341.1","Canis lupus familiaris","carnivore","carnivore",0.06999,0.00388,0.62612,0.00203,0.03739,0.15974,0.03399,0.06684
"183","Alphacoronavirus","Canine coronavirus","KY063618.2","dog","carnivore","carnivore",0.06262,0.00108,0.68754,0.00295,0.0154,0.15058,0.02237,0.05745
"184","Alphacoronavirus","Canine coronavirus","KC175340.1","Canis lupus familiaris","carnivore","carnivore",0.07052,0.00377,0.62458,0.00253,0.03776,0.16022,0.03447,0.06614
"185","Alphacoronavirus","Canine coronavirus","EU856362.1","dog","carnivore","carnivore",0.10867,0.01022,0.35346,0.01259,0.03935,0.33072,0.04232,0.10267
"186","Alphacoronavirus","Canine coronavirus","KP981644.1","Canis lupus familiaris","carnivore","carnivore",0.09535,0.00457,0.50636,0.00194,0.02907,0.23034,0.03335,0.09901
"187","Alphacoronavirus","Canine coronavirus","KY063616.1","dog","carnivore","carnivore",0.06262,0.00108,0.68754,0.00295,0.0154,0.15058,0.02237,0.05745
"188","Alphacoronavirus","Canine coronavirus","KY063617.1","dog","carnivore","carnivore",0.06262,0.00108,0.68754,0.00295,0.0154,0.15058,0.02237,0.05745
"189","Alphacoronavirus","Canine coronavirus","GU146061.1","Canis lupus familiaris","carnivore","carnivore",0.08842,0.004,0.51938,0.00433,0.02744,0.23183,0.02965,0.09496
"190","Alphacoronavirus","Canine coronavirus","JQ404410.1","dog","carnivore","carnivore",0.05143,0.00119,0.71642,0.00295,0.01611,0.1452,0.01926,0.04743
"191","Alphacoronavirus","Canine coronavirus","GQ477367.1","dog","carnivore","carnivore",0.16373,0.00469,0.36422,0.01328,0.03554,0.25342,0.05195,0.11317
"192","Betacoronavirus","Canine respiratory coronavirus","KX432213.1","dog","carnivore","camelid",0.11012,0.37635,0.01303,0.2884,0.05062,0.075,0.04667,0.03982
"193","Betacoronavirus","Canine respiratory coronavirus","JX860640.1","dog","carnivore","camelid",0.10997,0.39728,0.01178,0.29875,0.04472,0.05978,0.04158,0.03613
"194","Betacoronavirus","Canine respiratory coronavirus","GQ918143.1","dog","carnivore","camelid",0.14365,0.40385,0.00753,0.25717,0.04325,0.0626,0.0478,0.03415
"195","Betacoronavirus","Canine respiratory coronavirus","GQ918142.1","dog","carnivore","camelid",0.10997,0.39728,0.01178,0.29875,0.04472,0.05978,0.04158,0.03613
"196","Betacoronavirus","Canine respiratory coronavirus","GQ918141.1","dog","carnivore","camelid",0.09888,0.37123,0.01228,0.29267,0.06525,0.07165,0.0454,0.04263
"197","Betacoronavirus","Canine respiratory coronavirus","EU983107.1","dog","carnivore","camelid",0.14365,0.40385,0.00753,0.25717,0.04325,0.0626,0.0478,0.03415
"198","Betacoronavirus","Canine respiratory coronavirus","EU983106.1","dog","carnivore","camelid",0.10997,0.39728,0.01178,0.29875,0.04472,0.05978,0.04158,0.03613
"199","Betacoronavirus","Canine respiratory coronavirus","EU983105.1","dog","carnivore","camelid",0.09888,0.37123,0.01228,0.29267,0.06525,0.07165,0.0454,0.04263
"200","Betacoronavirus","Canine respiratory coronavirus","EU999954.1","dog","carnivore","camelid",0.10353,0.38185,0.01578,0.30108,0.04728,0.06453,0.04318,0.04275
"201","Betacoronavirus","Civet SARS CoV 007/2004","AY572034.1","civet","carnivore","carnivore",0.02195,0.0031,0.78325,0.00506,0.00935,0.00913,0.04103,0.12713
"202","Alphacoronavirus","Feline alphacoronavirus 1","MH817484.1","Felis catus","carnivore","carnivore",0.02935,8e-04,0.88092,0.0045,0.03143,0.00907,0.02142,0.02252
"203","Alphacoronavirus","Feline coronavirus","KU215424.1","Felis catus","carnivore","carnivore",0.01362,0,0.92675,0,0.00808,0.011,0.0161,0.02445
"204","Alphacoronavirus","Feline coronavirus","FJ917524.1","Felis catus","carnivore","carnivore",0.03385,0.005,0.6862,0.0062,0.03878,0.04387,0.07223,0.11387
"205","Alphacoronavirus","Feline coronavirus","FJ917519.1","Felis catus","carnivore","carnivore",0.04172,0.003,0.66733,0.0082,0.0239,0.04478,0.08827,0.1228
"206","Alphacoronavirus","Feline coronavirus","MN165107.1","Felis catus","carnivore","carnivore",0.04608,0.00615,0.7683,0.001,0.0448,0.06058,0.02977,0.04332
"207","Alphacoronavirus","Feline coronavirus","FJ917522.1","Felis catus","carnivore","carnivore",0.04762,0.01,0.60248,0.00845,0.03872,0.0786,0.09545,0.11868
"208","Alphacoronavirus","Feline coronavirus","DQ160294.1","feline","carnivore","carnivore",0.0487,0.0019,0.74385,0.00275,0.01515,0.1337,0.0192,0.03475
"209","Alphacoronavirus","Feline coronavirus","DQ010921.1","cat","carnivore","carnivore",0.00083,0.0012,0.97382,0.001,0.002,0.0105,0.00325,0.0074
"210","Alphacoronavirus","Feline coronavirus","KU215419.1","Felis catus","carnivore","carnivore",0.01025,0.0015,0.93317,0.0014,0.00672,0.0133,0.013,0.02067
"211","Alphacoronavirus","Feline coronavirus","KU215428.1","Felis catus","carnivore","carnivore",0.00963,0.002,0.94272,4e-04,0.00532,0.01325,0.00892,0.01777
"212","Alphacoronavirus","Feline coronavirus","KY292377.1","cat","carnivore","carnivore",0.02477,0,0.72738,0.0017,0.03453,0.01963,0.08707,0.10492
"213","Alphacoronavirus","Feline coronavirus","KY566211.1","cat","carnivore","carnivore",0.02235,0.00853,0.66618,0.0177,0.03177,0.03343,0.09217,0.12787
"214","Alphacoronavirus","Feline coronavirus","GQ152141.1","cat","carnivore","carnivore",0.02032,0.0017,0.90108,0.0015,0.00942,0.03527,0.01377,0.01695
"215","Alphacoronavirus","Feline coronavirus","AB907624.1","Felis catus","carnivore","carnivore",0.05335,0.001,0.8072,0.00375,0.01612,0.08128,0.0118,0.0255
"216","Alphacoronavirus","Feline coronavirus","KF530123.1","Felis catus","carnivore","carnivore",0.0139,0.001,0.81585,0.0046,0.00987,0.05802,0.03875,0.05802
"217","Alphacoronavirus","Feline coronavirus","KU215420.1","Felis catus","carnivore","carnivore",0.0105,5e-04,0.93407,0.0014,0.00632,0.0123,0.01325,0.02167
"218","Alphacoronavirus","Feline coronavirus","FJ917523.1","Felis catus","carnivore","carnivore",0.03158,0.002,0.62347,0.0042,0.04305,0.07268,0.09052,0.1325
"219","Alphacoronavirus","Feline coronavirus","KU215422.1","Felis catus","carnivore","carnivore",0.01242,0.0015,0.93867,0.0014,0.00525,0.0101,0.01135,0.01932
"220","Alphacoronavirus","Feline coronavirus","FJ917534.1","Felis catus","carnivore","carnivore",0.04542,0.006,0.65567,0.00925,0.02385,0.04853,0.09067,0.12062
"221","Alphacoronavirus","Feline coronavirus","FJ917520.1","Felis catus","carnivore","carnivore",0.04072,0.007,0.66383,0.00945,0.0234,0.04578,0.09052,0.1193
"222","Alphacoronavirus","Feline coronavirus","KU215427.1","Felis catus","carnivore","carnivore",0.01388,0.002,0.93197,4e-04,0.00682,0.01375,0.00977,0.02142
"223","Alphacoronavirus","Feline coronavirus RM","FJ938051.1","cat","carnivore","carnivore",0.02917,0,0.89957,0.0015,0.00425,0.01405,0.02225,0.02922
"224","Alphacoronavirus","Feline coronavirus UU10","FJ938059.1","cat","carnivore","carnivore",0.00175,0,0.98103,0.00085,0.0042,0.0014,0.00148,0.00928
"225","Alphacoronavirus","Feline coronavirus UU11","FJ938052.1","cat","carnivore","carnivore",0.002,0.00025,0.98575,0,0.00125,0.0035,0.00133,0.00592
"226","Alphacoronavirus","Feline coronavirus UU15","FJ938057.1","cat","carnivore","carnivore",0.0151,0.00686,0.89199,0.00244,0.01451,0.0319,0.01719,0.02001
"227","Alphacoronavirus","Feline coronavirus UU16","FJ938058.1","cat","carnivore","carnivore",0.09944,0.00964,0.61388,0.01339,0.02263,0.04291,0.0668,0.13132
"228","Alphacoronavirus","Feline coronavirus UU17","HQ012367.1","feline","carnivore","carnivore",0.03492,0.0116,0.79951,0.0062,0.02487,0.01486,0.04544,0.06259
"229","Alphacoronavirus","Feline coronavirus UU18","HQ012368.1","feline","carnivore","carnivore",0.00495,0,0.95995,0.001,0.0127,0.0124,0.001,0.008
"230","Alphacoronavirus","Feline coronavirus UU19","HQ392470.1","feline","carnivore","carnivore",0.00239,0,0.96647,0.00075,0.0063,0.00288,0.01086,0.01035
"231","Alphacoronavirus","Feline coronavirus UU2","FJ938060.1","cat","carnivore","carnivore",0.00042,0,0.99591,0,0.00044,0.00062,0.00154,0.00107
"232","Alphacoronavirus","Feline coronavirus UU20","HQ392471.1","feline","carnivore","carnivore",0.00642,0.0025,0.91948,5e-04,0.01337,0.00917,0.02278,0.02578
"233","Alphacoronavirus","Feline coronavirus UU21","HQ012369.1","feline","carnivore","carnivore",0.03437,0.00296,0.82687,0.0034,0.02057,0.02725,0.03211,0.05247
"234","Alphacoronavirus","Feline coronavirus UU22","GU553361.1","feline","carnivore","carnivore",0.0105,0.0016,0.93767,0.00307,0.011,0.015,0.00995,0.01122
"235","Alphacoronavirus","Feline coronavirus UU23","GU553362.1","feline","carnivore","carnivore",0.01267,0.00118,0.90212,0.00062,0.00932,0.01589,0.01662,0.04158
"236","Alphacoronavirus","Feline coronavirus UU24","HQ012370.1","feline","carnivore","carnivore",0.06047,0.00515,0.72315,0.00622,0.0638,0.01817,0.06143,0.06162
"237","Alphacoronavirus","Feline coronavirus UU3","FJ938061.1","cat","carnivore","carnivore",0.0219,0,0.9039,5e-04,0.0116,0.0197,0.02035,0.02205
"238","Alphacoronavirus","Feline coronavirus UU30","HQ392472.1","feline","carnivore","carnivore",0.02578,0.00357,0.87898,0,0.02435,0.03498,0.01865,0.01368
"239","Alphacoronavirus","Feline coronavirus UU31","HQ012371.1","feline","carnivore","carnivore",0.00933,0.00067,0.96585,0.00167,0.00755,0.00152,0.00338,0.01003
"240","Alphacoronavirus","Feline coronavirus UU34","HQ012372.1","Felis catus","carnivore","carnivore",0.00923,0.005,0.85903,0.00758,0.0194,0.02357,0.03145,0.04473
"241","Alphacoronavirus","Feline coronavirus UU4","FJ938054.1","cat","carnivore","carnivore",0.02265,0.00125,0.85272,0,0.02842,0.02558,0.02302,0.04637
"242","Alphacoronavirus","Feline coronavirus UU40","HQ392469.1","Felis catus","carnivore","carnivore",0.02525,0.0042,0.8589,0.00125,0.01333,0.03292,0.02267,0.04148
"243","Alphacoronavirus","Feline coronavirus UU47","JN183882.1","Felis catus","carnivore","carnivore",0.02977,0.00075,0.83235,0.00067,0.01438,0.03035,0.042,0.04973
"244","Alphacoronavirus","Feline coronavirus UU5","FJ938056.1","cat","carnivore","carnivore",0.05382,0.00125,0.73698,0.001,0.01593,0.04247,0.04848,0.10007
"245","Alphacoronavirus","Feline coronavirus UU54","JN183883.1","Felis catus","carnivore","carnivore",0.00663,0,0.9576,0.00058,0.00408,0.00387,0.01218,0.01505
"246","Alphacoronavirus","Feline coronavirus UU7","FJ938053.1","cat","carnivore","carnivore",0.01163,6e-04,0.93453,4e-04,0.00578,0.01012,0.01657,0.02037
"247","Alphacoronavirus","Feline coronavirus UU8","FJ938055.1","cat","carnivore","carnivore",0.01657,0.00183,0.92503,0,0.02108,0.01508,0.00975,0.01065
